2.100000000000000089e+00
2.074100525275825557e+00
1.997072883894291051e+00
1.870912051306419910e+00
1.698885526807002444e+00
1.485448707019199066e+00
1.236129493462311935e+00
9.573851228061084351e-01
6.564349278329054682e-01
3.410733605106464617e-01
1.946811978117020392e-02
-3.000513875520887108e-01
-6.092097740850709320e-01
-8.999999999999995781e-01
-1.164890751190754248e+00
-1.397021496342201630e+00
-1.590380171087589112e+00
-1.739958887317648362e+00
-1.841883634852103713e+00
-1.893514616268419770e+00
-1.893514616268419992e+00
-1.841883634852104157e+00
-1.739958887317648362e+00
-1.590380171087590000e+00
-1.397021496342202518e+00
-1.164890751190755358e+00
-9.000000000000009104e-01
-6.092097740850718202e-01
-3.000513875520891549e-01
1.946811978116971820e-02
3.410733605106446298e-01
6.564349278329041359e-01
9.573851228061075469e-01
1.236129493462311268e+00
1.485448707019198622e+00
1.698885526807001334e+00
1.870912051306419244e+00
1.997072883894290829e+00
2.074100525275825557e+00
2.100000000000000089e+00