0.000000000000000000e+00
3.369332932723911878e-01
6.655574507166863718e-01
9.777785387581492405e-01
1.265927454703440702e+00
1.522958552471982641e+00
1.742632121128537159e+00
1.919675990118859588e+00
2.049922075717710346e+00
2.130414332207944739e+00
2.159485311911846672e+00
2.136799351210113329e+00
2.063361264053278354e+00
1.941490317808197030e+00
1.774760165451499505e+00
1.567906289834652078e+00
1.326703357165534225e+00
1.057815656186952724e+00
7.686244965987893973e-01
4.670370370139961258e-01
1.612814937039638852e-01
-1.403059658808294419e-01
-4.294971254689936568e-01
-6.983848264475744916e-01
-9.395877591166923448e-01
-1.146441634733539994e+00
-1.313171787090237741e+00
-1.435042733335319731e+00
-1.508480820492154706e+00
-1.531166781193887827e+00
-1.502095801489986115e+00
-1.421603544999752167e+00
-1.291357459400901408e+00
-1.114313590410578758e+00
-8.946400217540243505e-01
-6.376089239854835222e-01
-3.494600080401919495e-01
-3.723891999872896985e-02
2.913852374455666583e-01
6.283185307179581791e-01