0.000000000000000000e+00
1.611073155687073322e-01
3.222146311374146643e-01
4.833219467061219965e-01
6.444292622748293287e-01
8.055365778435366053e-01
9.666438934122439930e-01
1.127751208980951381e+00
1.288858524549658657e+00
1.449965840118365934e+00
1.611073155687073211e+00
1.772180471255780709e+00
1.933287786824487986e+00
2.094395102393195263e+00
2.255502417961902761e+00
2.416609733530609816e+00
2.577717049099317315e+00
2.738824364668024813e+00
2.899931680236731868e+00
3.061038995805439367e+00
3.222146311374146421e+00
3.383253626942853920e+00
3.544360942511561419e+00
3.705468258080268473e+00
3.866575573648975972e+00
4.027682889217683027e+00
4.188790204786390525e+00
4.349897520355098024e+00
4.511004835923805523e+00
4.672112151492513021e+00
4.833219467061219632e+00
4.994326782629927131e+00
5.155434098198634629e+00
5.316541413767342128e+00
5.477648729336049627e+00
5.638756044904756237e+00
5.799863360473463736e+00
5.960970676042171235e+00
6.122077991610878733e+00
6.283185307179586232e+00