2.100000000000000089e+00
1.991634483401269362e+00
1.678281018792787238e+00
1.193896316244853928e+00
5.909709742815985045e-01
-6.515869094466453237e-02
-7.033908493059385370e-01
-1.254563143251481661e+00
-1.658947502412977837e+00
-1.872722606805444556e+00
-1.872722606805444778e+00
-1.658947502412978059e+00
-1.254563143251482771e+00
-7.033908493059397582e-01
-6.515869094466547606e-02
5.909709742815976163e-01
1.193896316244853262e+00
1.678281018792786794e+00
1.991634483401269362e+00
2.100000000000000089e+00
