0.000000000000000000e+00
6.824683347629436625e-01
1.294564218086489138e+00
1.773541145585787460e+00
2.071078117292967757e+00
2.158515967781223566e+00
2.029963031431575526e+00
1.702933595821300772e+00
1.216449956902761587e+00
6.268137477436590554e-01
1.504782974300178378e-03
-5.881314261848024083e-01
-1.074615065103341260e+00
-1.401644500713616459e+00
-1.530197437063264942e+00
-1.442759586575009356e+00
-1.145222614867829058e+00
-6.662456873685309588e-01
-5.414980404498559441e-02
6.283185307179581791e-01
