0   0   300
0   30  309
1   0   319
1   30  332
2   0   344
2   30  354
3   0   363
3   30  370
4   0   373
4   30  374
5   0   372
5   30  367
6   0   362
6   30  354
7   0   345
7   30  335
8   0   328
8   30  321
9   0   317
9   30  315
10  0   315
10  30  318
11  0   323
11  30  328
12  0   335
12  30  343
13  0   348
13  30  353
14  0   357
14  30  358
15  0   358
15  30  356
16  0   353
16  30  349
17  0   345
17  30  340
18  0   335
18  30  332
19  0   330
19  30  329
20  0   329
20  30  331
21  0   334
21  30  337
22  0   341
22  30  344
23  0   348
23  30  350
24  0   353
24  30  353
25  0   353
25  30  352
26  0   350
26  30  347
27  0   343
27  30  340
28  0   337
28  30  334
29  0   331
29  30  329
30  0   329