0   0   370
0   30  364
1   0   361
1   30  359
2   0   359
2   30  362
3   0   365
3   30  371
4   0   376
4   30  381
5   0   386
5   30  388
6   0   392
6   30  393
7   0   393
7   30  392
8   0   388
8   30  385
9   0   383
9   30  379
10  0   377
10  30  375
11  0   374
11  30  374
12  0   374
12  30  376
13  0   379
13  30  381
14  0   383
14  30  386
15  0   388
15  30  390
16  0   391
16  30  391
17  0   390
17  30  390
18  0   389
18  30  387
19  0   385
19  30  383
20  0   381
20  30  380
21  0   380
21  30  380
22  0   380
22  30  381
23  0   382
23  30  383
24  0   384
24  30  385
25  0   386
25  30  387
26  0   387
26  30  387
27  0   387
27  30  386
28  0   386
28  30  385
29  0   384
29  30  384
30  0   383